1, Env 10 400 0.88 -0.88 0.5 0 1 0. 4n 1 1 70. 2n 0 FM 0.25 220. 0.25 0 1 0. 4n 0 1 0. 4n Mix 0. 0. 1. 0.;
2, Env 215 10 0.91 -0.88 0.25 0 1 0. 4n 1 1 100. 4n 0 Mix 1. 0. 0. 0.;
3, Env 15 500 0.9 -0.9 0.25 1 2 50. 2n 1 2 60. 4n 0 Ring 350 621 1421 0. 0 0 1. 0. 0. 1 1 500. 2n 0 1 0. 4n freq3 none Mix 0. 0. 0. 1.;
4, Env 15 750 0.9 -0.9 0.25 0 2 1. 2n 1 2 400. 4n 0 Ring 791 600 1900 15. 1 12 1. 0.6 0.8 1 1 6. 8n 1 2 500 1n delay freq1 Mix 0.25 0. 0. 0.9;
5, Env 15 600 0.7 -0.9 0.25 0 2 1. 2n 1 1 500. 1n 0 Karp 650. 0.98 5 330. 12.1 4.1 1 850. 0.74 1.5 0 1 2 1500. 2n 1 3 225. 4nd f1freq freq Mix 0. 1. 0. 0.;
6, Env 10 400 0.88 -0.88 0.5 0 1 0. 4n 1 1 70. 2n 0 FM 0.4 440. 0.25 0 1 0. 4n 0 1 0. 4n Mix 0. 0. 1. 0.;
7, Env 215 10 0.91 -0.88 0.25 0 1 0. 4n 1 1 100. 4n 0 Mix 1. 0. 0. 0.;
8, Env 15 500 0.9 -0.9 0.25 1 2 50. 2n 1 2 60. 4n 0 Ring 326. 236. 273. 0. 0 0 1. 0. 0. 1 1 500. 2n 0 1 0. 4n freq3 none Mix 0. 0. 0. 1.;
9, Env 15 750 0.9 -0.9 0.25 0 2 1. 2n 1 2 400. 4n 0 Ring 6300. 1. 250. 15. 1 12 1. 0.6 0.8 1 1 6. 8n 1 2 500 1n delay freq1 Mix 0.25 0. 0. 0.9;
10, Env 15 600 0.7 -0.9 0.25 0 2 1. 2n 1 1 500. 1n 0 Karp 325. 0.98 5 330. 12.1 4.1 1 850. 0.74 1.5 0 1 2 1500. 2n 1 3 225. 4nd f1freq freq Mix 0. 1. 0. 0.;
11, Env 15 500 0.9 -0.9 0.25 1 2 50. 2n 1 2 60. 4n 0 Ring 467 567 432 0.5 0 0 1. 0. 0. 1 1 500. 2n 0 1 0. 4n freq3 none Mix 0. 0. 0. 1.;
12, Env 10 1000 0.9 -0.9 0.25 0 1 0. 4n 1 3 500 8nd 1 FM 0.3 350. 0. 0 1. 0. 1n 1 2 0.25 2n Mix 0. 0. 1. 0.;
-1, Env 10 1000 0.9 -0.9 0.25 0 1 0. 4n 1 3 500 8nd 1 FM 0.2 175. 0. 0 1. 0. 1n 1 2 0.25 2n Mix 0. 0. 1. 0.;
